Id,time
0,1.062650681
1,9.789088821
2,0.314847946
3,2.627058029
4,2.768976212
5,9.448966599
6,3.951860428
7,0.423887253
8,14.84238319
9,0.670927048
10,6.533208847
11,13.60886192
12,0.579534531
13,33.13844833
14,0.348920822
15,0.45850563
16,0.796792984
17,8.104322433
18,2.550031662
19,1.27630806
20,0.249502182
21,0.49801445
22,0.602308273
23,0.941217422
24,1.46008873
25,2.998571396
26,0.957277298
27,3.947881699
28,2.118444443
29,3.225347519
30,20.72618294
31,2.448583603
32,0.717077255
33,5.308214188
34,6.277620316
35,1.069791794
36,4.726839066
37,2.539903641
38,1.162126541
39,2.081243515
40,1.989740372
41,9.247251511
42,1.201353073
43,6.866567612
44,0.564382553
45,3.749246597
46,4.800638199
47,0.497205734
48,5.470750809
49,0.601110458
50,0.260671616
51,19.51376839
52,0.111104965
53,6.863603592
54,16.91662025
55,0.306676865
56,1.053068161
57,0.649801254
58,0.781606674
59,1.375535965
60,1.975324631
61,5.533445358
62,0.647298813
63,6.81095314
64,4.529066086
65,8.955320358
66,2.156373978
67,0.882940292
68,8.060391617
69,2.408998489
70,0.27963829
71,0.627149582
72,10.93712425
73,0.19383049
74,10.93014603
75,6.424661636
76,1.109045029
77,3.422441483
78,4.875837326
79,1.607999802
80,7.818159103
81,4.850362778
82,6.444997787
83,0.83975029
84,2.036680222
85,3.227186203
86,4.582410812
87,0.640756607
88,6.731565475
89,1.225507736
90,2.555356979
91,0.907365799
92,1.443082809
93,11.88873482
94,7.488515854
95,2.759916306
96,44.87432098
97,0.161840439
98,0.892187119
99,0.233362198
